arenas:
  Practise:
    bound:
      world: world
      x: 130
      y: 1
      z: -449
      x2: -120
      y2: 255
      z2: -199
    info:
      cost: 0
      timer: 1800
      min-players: 4
      max-players: 23
    commands:
    - none
    lobbysign: world:4:223:-338
    border:
      center: world:5:71:-325
      size: 250
    spawns:
    - world:-11:73:-322:-100.549255:2.098718
    - world:-9:73:-318:-116.34314:3.252169
    - world:-7:73:-314:-132.84631:1.1227233
    - world:-3:73:-311:-149.97156:2.1604295
    - world:1:73:-309:-165.67627:3.0477054
    - world:5:73:-309:-179.69452:3.491325
    - world:9:73:-309:-194.42346:2.958962
    - world:13:73:-311:-209.50714:2.7815301
    - world:17:73:-314:-227.0747:2.6928024
    - world:19:73:-318:-244.28784:0.6520895
    - world:21:73:-322:-260.70264:1.1844414
    - world:21:73:-326:-274.01178:0.9182636
    - world:20:73:-330:-288.65204:0.65210015
    - world:18:73:-334:-304.8003:1.0070233
    - world:15:73:-338:-322.01404:0.47470167
    - world:11:73:-340:-338.34106:1.7168934
    - world:7:73:-341:-352.09436:0.3860029
    - world:3:73:-341:-6.8234863:0.9183746
    - world:-1:73:-340:-20.753784:-2.0983224
    - world:-5:73:-338:-38.2323:-2.2757628
    - world:-8:73:-334:-54.116943:-3.2517087
    - world:-10:73:-330:-71.50757:-1.210983
